102,3
88,3
190,9
190,8
190,7
190,6
190,5
190,4
190,3
190,2
190,1
190,0
189,28
189,27
189,25
189,26
189,10
189,24
189,23
189,22
189,21
189,20
189,6
189,5
0,389
189,19
189,15
189,18
189,17
189,11
189,16
189,14
189,13
189,12
189,4
189,9
189,8
189,7
0,388
0,387
189,3
189,2
0,386
189,1
189,0
0,385
0,384
14,14
0,527
188,7
188,6
188,5
188,4
188,3
188,2
188,1
188,0
187,5
187,4
187,3
187,2
187,1
187,0
186,3
186,2
186,1
186,0
185,3
185,2
185,1
185,0
184,5
184,4
184,3
184,2
184,1
184,0
183,4
183,3
183,2
183,1
183,0
182,4
182,3
182,2
182,1
182,0
181,5
181,4
181,3
181,2
181,1
181,0
180,7
180,6
180,5
0,573
180,4
180,3
180,2
180,1
180,0
179,36
179,10
179,35
179,29
179,34
179,33
179,23
179,32
179,31
179,30
179,22
179,28
179,27
179,16
179,26
179,25
179,9
179,24
179,18
179,15
179,21
179,20
179,19
179,17
179,13
179,14
179,12
179,4
179,11
179,5
179,8
179,7
179,6
179,3
179,2
179,1
179,0
178,4
178,3
178,2
178,1
178,0
177,7
177,6
177,5
177,4
177,3
177,2
177,1
177,0
14,13
176,4
176,3
176,2
176,1
176,0
175,5
175,4
175,3
175,2
175,1
175,0
174,3
174,2
174,1
174,0
0,283
173,3
173,2
173,1
173,0
172,3
172,2
172,1
172,0
0,314
135,2805
135,2733
135,2545
135,2365
135,2087
135,1975
135,1715
135,1566
135,1464
135,1217
135,1015
135,786
135,656
135,555
135,276
135,5
135,39
135,38
135,37
135,36
171,3
171,2
171,1
171,0
0,266
0,263
0,261
0,260
0,259
0,258
0,257
0,375
0,256
0,252
0,547
0,326
0,249
0,372
0,248
0,246
0,245
0,242
0,371
0,241
0,370
0,239
0,238
0,324
0,237
0,236
0,232
0,231
0,230
0,229
0,367
0,225
0,358
0,357
0,210
0,575
0,355
0,308
0,196
0,352
0,523
0,192
0,383
0,317
0,60
0,311
0,353
0,56
0,564
0,336
0,313
0,312
22,34
22,33
22,32
22,31
22,30
22,29
22,28
22,27
22,26
22,25
22,24
22,23
22,22
22,21
22,20
22,19
22,18
22,17
22,16
22,15
22,14
22,13
22,12
22,11
22,10
22,9
22,8
22,7
22,6
22,5
22,4
22,3
0,340
0,264
0,351
134,729
134,493
134,458
134,613
134,730
134,198
134,377
134,477
134,623
134,704
134,9
134,497
134,224
134,346
134,373
134,378
134,506
134,221
134,714
134,618
134,585
134,624
134,736
134,233
134,487
134,469
134,721
134,354
134,616
134,631
134,332
134,734
134,53
134,463
134,448
134,746
134,621
134,18
134,583
134,498
134,500
134,584
134,454
134,472
134,242
134,756
134,320
134,766
134,230
134,465
134,246
134,192
134,220
134,202
134,762
134,505
134,711
134,710
134,4
134,916
134,899
134,816
134,775
134,699
134,672
134,659
134,570
134,535
134,532
134,440
134,404
134,386
134,298
134,282
134,268
134,110
134,87
134,70
134,25
134,2
134,3
170,3
170,2
0,376
170,1
170,0
0,553
0,552
169,3
169,2
169,1
169,0
0,373
168,3
168,2
0,332
168,1
168,0
0,247
167,3
167,2
0,544
167,1
167,0
0,543
0,329
0,540
166,3
166,2
166,1
166,0
0,537
165,3
165,2
165,1
165,0
0,235
0,535
0,234
132,4
132,2
132,3
0,325
0,532
0,529
164,3
164,2
164,1
164,0
163,11
163,10
163,9
163,8
163,7
163,6
163,5
163,4
0,228
0,227
0,363
129,15
129,14
129,9
129,8
129,7
129,18
129,17
129,6
129,5
129,4
129,19
129,16
129,13
129,12
129,11
129,10
129,2
129,3
163,3
163,2
163,1
163,0
162,4
162,3
162,2
162,1
162,0
128,4
128,2
128,3
161,3
161,2
0,211
161,1
161,0
0,209
0,356
0,208
160,3
160,2
0,207
160,1
160,0
159,7
159,6
0,206
159,5
159,4
0,205
0,292
127,23
127,24
127,18
127,12
127,19
127,8
127,16
127,11
127,26
127,15
127,7
127,4
127,25
127,22
127,21
127,20
127,17
127,14
127,13
127,10
127,9
127,6
127,5
127,2
127,3
0,204
159,3
159,2
0,200
159,1
159,0
158,121
0,321
158,120
158,119
158,118
158,117
158,116
158,115
158,114
158,113
0,319
158,112
158,111
158,110
158,109
0,318
158,108
158,107
158,106
158,105
0,316
158,104
158,103
158,102
158,101
0,310
158,100
158,99
158,98
158,97
158,96
0,309
158,95
158,94
158,93
158,92
0,307
158,91
158,90
158,89
158,88
0,305
158,87
158,86
158,85
158,84
0,303
158,83
158,82
158,81
158,80
158,79
0,301
158,78
158,77
158,76
158,75
0,300
158,74
158,73
158,72
158,71
0,299
158,70
158,69
158,68
158,67
0,298
158,66
158,65
158,64
158,35
0,297
158,34
158,33
158,32
158,31
158,30
0,296
158,29
158,28
158,27
158,26
0,295
158,25
158,24
158,23
158,22
0,294
158,21
158,20
158,19
158,18
0,293
158,17
158,16
158,15
158,14
158,13
0,291
158,12
158,11
158,10
158,9
0,290
158,8
158,7
158,6
158,5
158,4
0,304
0,302
126,5
126,4
126,2
126,3
158,3
158,2
0,289
0,518
0,10
158,1
158,0
157,3
157,2
157,1
157,0
156,3
156,2
156,1
156,0
155,3
155,2
155,1
155,0
0,288
0,287
154,3
154,2
0,286
0,49
154,1
154,0
153,3
153,2
0,285
153,1
153,0
0,284
0,203
0,282
0,202
152,3
152,2
0,281
0,201
152,1
152,0
0,280
0,199
0,279
0,198
151,3
151,2
0,277
0,274
0,269
0,197
151,1
151,0
0,572
0,195
0,570
0,194
150,3
150,2
0,568
0,193
150,1
150,0
0,566
0,63
0,62
149,3
149,2
0,2
0,331
0,556
0,61
149,1
149,0
0,555
0,59
0,58
148,3
148,2
0,549
0,57
148,1
148,0
0,55
0,54
147,4
147,3
147,2
0,53
147,1
147,0
146,20
146,19
146,18
146,17
146,16
0,545
146,15
146,14
146,13
146,12
146,11
0,526
146,10
146,9
146,8
146,7
146,6
0,52
146,5
146,4
0,525
0,51
125,6
125,5
125,4
125,2
125,3
0,524
0,50
0,48
0,521
0,47
146,3
146,2
0,46
146,1
146,0
145,9
145,8
0,45
145,7
0,6
145,6
145,5
124,7
124,6
124,5
124,4
124,10
124,9
124,8
124,2
124,3
0,378
14,1
14,12
14,2
14,0
14,6
14,10
0,560
0,377
145,4
145,3
145,2
0,559
145,1
145,0
144,3
144,2
144,1
144,0
143,3
143,2
143,1
143,0
0,551
0,253
142,3
142,2
0,374
142,1
142,0
141,4
141,3
141,2
0,512
141,1
141,0
140,3
140,2
0,330
140,1
140,0
0,328
139,3
139,2
139,1
139,0
0,327
138,3
138,2
0,369
138,1
138,0
0,533
137,3
137,2
137,1
137,0
0,368
14,11
14,3
0,528
13,3
0,272
0,271
136,3
136,2
0,381
0,333
0,11
0,275
0,276
0,520
0,9
0,8
136,1
136,0
0,7
0,226
135,3672
135,3671
135,3670
135,3669
135,3668
135,3667
135,3666
135,3665
135,3664
135,3663
135,3662
0,362
135,3661
135,3660
135,3659
135,3658
135,3657
135,3656
135,3655
135,3654
135,3653
135,3652
135,3651
135,3650
135,3649
135,3648
135,3647
135,3646
135,3645
135,3644
135,3643
135,3642
135,3641
135,3640
135,3639
135,3638
135,3637
135,3636
135,3635
135,3634
135,3633
135,3632
135,3631
135,3630
135,3629
135,3628
135,3627
135,3626
135,3625
135,3624
135,3623
135,3622
135,3621
135,3620
135,3619
135,3618
135,3617
135,3616
135,3615
135,3614
135,3613
135,3612
135,3611
135,3610
135,3609
135,3608
135,3607
135,3606
135,3605
135,3604
135,3603
135,3602
135,3601
135,3600
135,3599
0,361
0,224
135,3598
135,3597
135,3596
135,3595
135,3594
135,3593
135,3592
135,3591
135,3590
135,3589
135,3588
135,3587
135,3586
135,3585
135,3584
135,3583
135,3582
135,3581
135,3580
135,3579
135,3578
135,3577
135,3576
135,3575
135,3574
135,3573
135,3572
135,3571
135,3570
135,3569
135,3568
135,3567
135,3566
135,3565
135,3564
135,3563
135,3562
135,3561
135,3560
135,3559
135,3558
135,3557
135,3556
135,3555
135,3554
135,3553
135,3552
135,3551
135,3550
135,3549
135,3548
135,3547
135,3546
135,3545
135,3544
135,3543
135,3542
135,3541
135,3540
135,3539
135,3538
135,3537
135,3536
135,3535
0,346
0,223
135,3534
135,3533
135,3532
135,3531
135,3530
135,3529
135,3528
135,3527
135,3526
135,3525
135,3524
135,3523
135,3522
135,3521
135,3520
135,3519
135,3518
135,3517
135,3516
135,3515
135,3514
135,3513
135,3512
135,3511
135,3510
135,3509
135,3508
135,3507
135,3506
135,3505
135,3504
135,3503
135,3502
135,3501
135,3500
135,3499
135,3498
135,3497
135,3496
135,3495
135,3494
135,3493
135,3492
135,3491
135,3490
135,3489
135,3488
135,3487
135,3486
135,3485
135,3484
135,3483
135,3482
135,3481
135,3480
135,3479
135,3478
135,3477
135,3476
135,3475
0,514
135,3474
135,3473
135,3472
135,3471
0,320
0,222
135,3470
135,3469
135,3468
135,3467
135,3466
135,3465
135,3464
135,3463
135,3462
135,3461
135,3460
135,3459
135,3458
135,3457
135,3456
135,3455
135,3454
135,3453
135,3452
135,3451
135,3450
135,3449
135,3448
135,3447
135,3446
135,3445
135,3444
135,3443
135,3442
135,3441
135,3440
135,3439
135,3438
135,3437
135,3436
135,3435
135,3434
135,3433
135,3432
135,3431
135,3430
135,3429
135,3428
135,3427
135,3426
135,3425
135,3424
135,3423
135,3422
135,3421
135,3420
135,3419
135,3418
135,3417
135,3416
135,3415
135,3414
135,3413
135,3412
0,365
135,3411
135,3410
135,3409
135,3408
0,366
0,221
135,3407
135,3406
135,3405
135,3404
135,3403
135,3402
135,3401
135,3400
135,3399
135,3398
135,3397
135,3396
135,3395
135,3394
135,3393
135,3392
135,3391
135,3390
135,3389
135,3388
135,3387
135,3386
135,3385
0,515
135,3384
135,3383
135,3382
135,3381
135,3380
135,3379
135,3378
135,3377
135,3376
135,3375
135,3374
135,3373
135,3372
135,3371
135,3370
135,3369
135,3368
135,3367
135,3366
135,3365
135,3364
135,3363
135,3362
135,3361
135,3360
0,354
135,3359
135,3358
135,3357
135,3356
135,3355
135,3354
135,3353
135,3352
135,3351
135,3350
135,3349
135,3348
0,382
0,243
0,0
135,3347
135,3346
135,3345
135,1
135,3344
135,2
135,0
135,3
0,364
0,220
135,3343
135,3342
135,3341
135,3340
135,3339
135,3338
135,3337
135,3336
135,3335
135,3334
135,3333
135,3332
135,3331
135,3330
135,3329
135,3328
135,3327
135,3326
135,3325
135,3324
135,3323
135,3322
135,3321
135,3320
135,3319
135,3318
135,3317
135,3316
135,3315
135,3314
135,3313
135,3312
135,3311
135,3310
135,3309
135,3308
135,3307
135,3306
135,3305
135,3304
135,3303
135,3302
135,3301
135,3300
135,3299
135,3298
135,3297
135,3296
135,3295
135,3294
135,3293
135,3292
135,3291
135,3290
135,3289
135,3288
135,3287
135,3286
135,3285
135,3284
135,3283
135,3282
135,3281
135,40
135,3280
135,3279
0,522
0,219
135,3278
135,3277
135,3276
135,3275
135,3274
135,3273
135,3272
135,3271
135,3270
135,3269
135,3268
135,3267
135,3266
135,3265
135,3264
135,3263
135,3262
135,3261
135,3260
135,3259
135,3258
135,3257
135,3256
135,3255
135,3254
135,3253
135,3252
135,3251
135,3250
135,3249
135,3248
135,3247
135,3246
135,3245
135,3244
135,3243
135,3242
135,3241
135,3240
135,3239
135,3238
135,3237
135,3236
135,3235
135,3234
135,3233
135,3232
135,3231
135,3230
135,3229
135,3228
135,3227
135,3226
135,3225
135,3224
135,3223
135,3222
135,3221
135,3220
135,3219
135,3218
135,3217
135,3216
135,3215
135,3214
135,3213
0,218
135,3212
135,3211
135,3210
135,3209
135,3208
135,3207
135,3206
135,3205
0,513
135,3204
135,3203
135,3202
135,3201
135,3200
135,3199
135,3198
135,3197
135,3196
135,3195
135,3194
135,3193
135,3192
135,3191
135,3190
135,3189
135,3188
135,3187
135,3186
135,3185
135,3184
135,3183
135,3182
135,3181
135,3180
135,3179
135,3178
135,3177
135,3176
135,3175
135,3174
135,3173
135,3172
135,3171
135,3170
135,3169
135,3168
135,3167
135,3166
135,3165
135,3164
135,3163
135,3162
135,3161
135,3160
135,3159
135,3158
135,3157
135,3156
135,3155
135,3154
135,3153
135,3152
135,3151
135,3150
135,3149
135,3148
135,3147
0,360
0,217
135,3146
135,3145
135,3144
135,3143
135,3142
135,3141
135,3140
135,3139
135,3138
135,3137
135,3136
135,3135
135,3134
135,3133
135,3132
135,3131
135,3130
135,3129
135,3128
135,3127
135,3126
135,3125
135,3124
135,3123
135,3122
135,3121
135,3120
135,3119
135,3118
135,3117
135,3116
135,3115
135,3114
135,3113
135,3112
135,3111
135,3110
135,3109
135,3108
135,3107
135,3106
135,3105
135,3104
135,3103
0,339
135,3102
135,3101
135,3100
135,3099
135,3098
135,3097
135,3096
135,3095
135,3094
135,3093
135,3092
135,3091
135,3090
135,3089
135,3088
135,3087
135,3086
135,3085
135,3084
135,3083
135,3082
135,3081
0,359
0,216
135,3080
135,3079
135,3078
135,3077
135,3076
135,3075
135,3074
135,3073
135,3072
135,3071
135,3070
135,3069
135,3068
135,3067
135,3066
135,3065
135,3064
135,3063
135,3062
135,3061
135,3060
135,3059
135,3058
135,3057
135,3056
135,3055
135,3054
135,3053
135,3052
135,3051
135,3050
135,3049
135,3048
135,3047
135,3046
135,3045
135,3044
135,3043
135,3042
135,3041
135,3040
135,3039
135,3038
135,3037
135,3036
135,3035
135,3034
135,3033
135,3032
135,3031
135,3030
135,3029
135,3028
135,3027
135,3026
135,3025
135,3024
135,3023
135,3022
135,3021
135,3020
135,3019
135,3018
135,3017
135,3016
135,3015
0,519
135,3014
135,3013
135,3012
135,3011
135,3010
135,3009
135,3008
135,3007
135,3006
135,3005
135,3004
135,3003
135,3002
135,3001
135,3000
135,2999
135,2998
135,2997
135,2996
135,2995
135,2994
135,2993
135,2992
135,2991
135,2990
135,2989
135,2988
135,2987
135,2986
135,2985
135,2984
135,2983
135,2982
135,2981
135,2980
135,2979
135,2978
135,2977
135,2976
135,2975
135,2974
135,2973
135,2972
135,2971
135,2970
135,2969
135,2968
135,2967
135,2966
135,2965
135,2964
135,2963
135,2962
135,2961
135,2960
135,2959
135,2958
135,2957
135,2956
135,2955
135,2954
135,2953
135,2952
135,2951
135,2950
135,2949
0,215
0,214
135,2948
135,2947
135,2946
135,2945
135,2944
135,2943
135,2942
135,2941
135,2940
135,2939
135,2938
135,2937
135,2936
135,2935
135,2934
135,2933
135,2932
135,2931
135,2930
135,2929
135,2928
135,2927
135,2926
135,2925
135,2924
135,2923
135,2922
135,2921
135,2920
135,2919
135,2918
135,2917
135,2916
135,2915
135,2914
135,2913
135,2912
135,2911
135,2910
135,2909
135,2908
135,2907
135,2906
135,2905
135,2904
135,2903
135,2902
135,2901
135,2900
135,2899
135,2898
135,2897
135,2896
135,2895
135,2894
135,2893
135,2892
135,2891
135,2890
135,2889
135,2888
135,2887
135,2886
135,2885
135,2884
135,2883
135,2882
0,517
0,213
0,563
135,2881
135,2880
135,2879
135,2878
135,2877
135,2876
135,2875
135,2874
135,2873
135,2872
135,2871
135,2870
135,2869
135,2868
135,2867
135,2866
135,2865
135,2864
135,2863
135,2862
135,2861
135,2860
0,550
135,2859
135,2858
135,2857
135,2856
135,2855
135,2854
135,2853
135,2852
135,2851
135,2850
135,2849
135,2848
135,2847
135,2846
135,2845
135,2844
135,2843
135,2842
135,2841
135,2840
135,2839
135,2838
135,2837
135,2836
135,2835
135,2834
135,2833
135,2832
135,2831
135,2830
135,2829
135,2828
135,2827
135,2826
135,2825
135,2824
135,2823
135,2822
135,2821
135,2820
135,2819
135,2818
135,2817
135,2816
0,516
0,212
135,2815
135,2814
135,2813
135,2812
135,2811
135,2810
135,2809
135,2808
135,2807
135,2806
135,2804
135,2803
135,2802
135,2801
135,2800
135,2799
135,2798
135,2797
135,2796
135,2795
135,2794
135,2793
135,2792
135,2791
135,2790
135,2789
